0, 128, 3.95780849456787
0, 192, 3.95780849456787
0, 256, 3.95780849456787
0, 320, 3.95780849456787
0, 64, 3.95780849456787
0, 128, 4.02030849456787
0, 192, 3.95780849456787
0, 256, 3.95780849456787
0, 320, 3.70780849456787
0, 384, 3.83280849456787
0, 448, 3.95780849456787
0, 512, 3.95780849456787
0, 576, 3.89530849456787
0, 640, 3.89530849456787
0, 704, 3.77030849456787
0, 768, 3.95780849456787
0, 64, 3.95780849456787
0, 128, 3.83280849456787
0, 192, 3.95780849456787
0, 256, 4.02030849456787
0, 320, 4.02030849456787
0, 384, 3.70780849456787
0, 448, 3.89530849456787
0, 512, 3.77030849456787
0, 576, 3.77030849456787
0, 640, 3.89530849456787
0, 704, 3.95780849456787
0, 768, 3.83280849456787
0, 832, 3.89530849456787
0, 896, 3.89530849456787
0, 960, 3.83280849456787
0, 1024, 3.89530849456787
0, 64, 4.02030849456787
0, 128, 4.02030849456787
0, 64, 3.89505633711814
0, 128, 3.89489738643169
0, 192, 3.95725348591804
0, 256, 3.83282279968261
0, 320, 3.89532156288623
0, 384, 3.77036629617214
0, 448, 3.95773376524448
0, 512, 4.02024376392364
0, 576, 3.707830056548118
0, 640, 3.7078356891870
0, 704, 3.89531265199184
0, 768, 3.832814127206802
0, 832, 3.89530616998672
0, 896, 3.895311146974563
0, 960, 3.89530463516712
0, 1024, 3.83281134068965
1, 64, 3.832810208201408
1, 128, 3.895308658480644
1, 192, 3.83280986547470
1, 256, 3.77031025290489
1, 320, 3.83280934393405
1, 384, 3.770309209823608
1, 448, 4.02030727267265
1, 512, 3.645310044288635
1, 576, 3.77030849456787
1, 640, 3.89530819654464
1, 704, 3.832808658480644
1, 768, 3.957808077335357
1, 832, 3.895308464765548
1, 896, 3.83280855417251
1, 960, 3.832808583974838
1, 1024, 3.895308375358581
2, 64, 3.707809001207351
2, 128, 3.89530834555625
2, 192, 3.89530795812606
2, 256, 3.70780871808528
2, 320, 3.832808509469032
2, 384, 3.77030849456787
2, 448, 4.02030828595161
2, 512, 3.832808509469032
2, 576, 3.89530849456787
2, 640, 3.77030840516090
2, 704, 3.77030849456787
2, 768, 3.707808613777160
2, 832, 3.95780834555625
2, 896, 3.707808539271354
2, 960, 3.707808509469032
2, 1024, 3.8328084796667
3, 64, 3.89530849456787
3, 128, 3.83280840516090
3, 192, 3.895308375358581
3, 256, 3.895308375358581
3, 320, 3.832808375358581
3, 384, 3.95780840516090
3, 448, 3.832808583974838
3, 512, 4.02030843496322
3, 576, 3.70780855417251
3, 640, 4.02030849456787
3, 704, 4.02030849456787
3, 768, 3.957808464765548
3, 832, 3.957808509469032
3, 896, 3.707808509469032
3, 960, 3.707808539271354
3, 1024, 3.707808539271354
4, 64, 3.9578084796667
4, 128, 3.895308464765548
4, 192, 3.832808539271354
4, 256, 3.77030855417251
4, 320, 3.77030855417251
4, 384, 3.957808509469032
4, 448, 3.895308524370193
4, 512, 3.895308524370193
4, 576, 3.895308524370193
4, 640, 3.89530849456787
4, 704, 3.70780849456787
4, 768, 3.77030849456787
4, 832, 3.70780849456787
4, 896, 4.02030849456787
4, 960, 3.70780849456787
4, 1024, 3.95780849456787
5, 64, 3.64530849456787
5, 128, 3.70780849456787
5, 192, 3.89530849456787
5, 256, 3.77030849456787
5, 320, 3.83280849456787
5, 384, 3.89530849456787
5, 448, 3.77030849456787
5, 512, 3.77030849456787
5, 576, 3.70780849456787
5, 640, 3.70780849456787
5, 704, 3.89530849456787
5, 768, 3.89530849456787
5, 832, 3.77030849456787
5, 896, 3.83280849456787
5, 960, 3.95780849456787
5, 1024, 3.77030849456787
6, 64, 3.83280849456787
6, 128, 3.89530849456787
6, 192, 3.89530849456787
6, 256, 3.83280849456787
6, 320, 3.83280849456787
6, 384, 3.70780849456787
6, 448, 3.77030849456787
6, 512, 3.95780849456787
6, 576, 3.95780849456787
6, 640, 3.89530849456787
6, 704, 3.95780849456787
6, 768, 3.95780849456787
6, 832, 3.77030849456787
6, 896, 3.70780849456787
6, 960, 3.89530849456787
6, 1024, 3.95780849456787
7, 64, 3.89530849456787
7, 128, 3.77030849456787
7, 192, 3.58280849456787
7, 256, 3.95780849456787
7, 320, 3.83280849456787
7, 384, 3.89530849456787
7, 448, 3.83280849456787
7, 512, 4.02030849456787
7, 576, 3.77030849456787
7, 640, 3.89530849456787
7, 704, 3.83280849456787
7, 768, 3.89530849456787
7, 832, 3.83280849456787
7, 896, 3.83280849456787
7, 960, 3.77030849456787
7, 1024, 3.89530849456787
8, 64, 3.77030849456787
8, 128, 3.83280849456787
8, 192, 3.89530849456787
8, 256, 3.77030849456787
8, 320, 3.77030849456787
8, 384, 3.58280849456787
8, 448, 3.83280849456787
8, 512, 3.83280849456787
8, 576, 3.89530849456787
8, 640, 3.95780849456787
8, 704, 3.95780849456787
8, 768, 3.83280849456787
8, 832, 3.70780849456787
8, 896, 3.70780849456787
8, 960, 3.77030849456787
8, 1024, 3.89530849456787
9, 64, 3.70780849456787
9, 128, 3.83280849456787
9, 192, 3.64530849456787
9, 256, 3.89530849456787
9, 320, 3.95780849456787
9, 384, 3.89530849456787
9, 448, 3.83280849456787
9, 512, 3.77030849456787
9, 576, 3.83280849456787
9, 640, 3.70780849456787
9, 704, 3.77030849456787
9, 768, 3.77030849456787
9, 832, 3.83280849456787
9, 896, 3.89530849456787
9, 960, 3.95780849456787
9, 1024, 3.77030849456787
0, 64, 3.770888224244117
0, 128, 3.957706436514854
0, 192, 3.895300596952438
0, 256, 3.582906439900398
0, 320, 4.020286232233047
0, 384, 3.89530755579471
0, 448, 3.832810580730438
0, 512, 3.8953094780445
0, 576, 3.832809746265411
0, 640, 3.95780602097511
0, 704, 3.64531400799751
0, 768, 3.957806661725044
0, 832, 3.83280818164348
0, 896, 3.582811459898948
0, 960, 3.89530795812606
0, 1024, 3.89530819654464
1, 64, 3.83280862867832
1, 128, 3.95780825614929
1, 192, 3.7703087329864
1, 256, 3.832808747887611
1, 320, 3.957808226346969
1, 384, 3.895308285951614
1, 448, 3.83280849456787
1, 512, 3.895308434963226
1, 576, 3.832808583974838
1, 640, 3.770308673381805
1, 704, 3.89530840516090
1, 768, 3.7703087329864
1, 832, 3.895308524370193
1, 896, 3.83280849456787
1, 960, 3.89530849456787
1, 1024, 3.832808658480644
2, 64, 3.832808583974838
2, 128, 3.707808673381805
2, 192, 3.95780840516090
2, 256, 3.770308434963226
2, 320, 4.020308375358581
2, 384, 3.832808539271354
2, 448, 3.645308524370193
2, 512, 3.707808464765548
2, 576, 3.832808434963226
2, 640, 3.895308375358581
2, 704, 3.70780855417251
2, 768, 3.770308464765548
2, 832, 3.832808583974838
2, 896, 3.957808524370193
2, 960, 4.02030849456787
2, 1024, 3.70780864357948
3, 64, 3.770308613777160
3, 128, 4.02030846476554
3, 192, 3.77030855417251
3, 256, 3.832808539271354
3, 320, 3.645308583974838
3, 384, 3.832808539271354
3, 448, 3.895308524370193
3, 512, 3.77030855417251
3, 576, 3.70780856907367
3, 640, 3.832808539271354
3, 704, 3.645308583974838
3, 768, 3.832808539271354
3, 832, 4.02030849456787
3, 896, 3.895308524370193
3, 960, 3.895308524370193
3, 1024, 3.832808539271354
4, 64, 3.895308524370193
4, 128, 3.832808539271354
4, 192, 3.645308583974838
4, 256, 3.957808509469032
4, 320, 3.895308509469032
4, 384, 3.89530849456787
4, 448, 3.95780849456787
4, 512, 3.95780849456787
4, 576, 3.70780849456787
4, 640, 3.89530849456787
4, 704, 3.95780849456787
4, 768, 3.83280849456787
4, 832, 3.83280849456787
4, 896, 3.83280849456787
4, 960, 3.77030849456787
4, 1024, 3.77030849456787
5, 64, 3.70780849456787
5, 128, 3.70780849456787
5, 192, 3.83280849456787
5, 256, 3.89530849456787
5, 320, 3.83280849456787
5, 384, 3.77030849456787
5, 448, 3.89530849456787
5, 512, 3.77030849456787
5, 576, 3.64530849456787
5, 640, 3.89530849456787
5, 704, 3.70780849456787
5, 768, 3.70780849456787
5, 832, 3.83280849456787
5, 896, 3.89530849456787
5, 960, 3.83280849456787
5, 1024, 3.77030849456787
6, 64, 3.83280849456787
6, 128, 4.02030849456787
6, 192, 3.83280849456787
6, 256, 3.83280849456787
6, 320, 3.77030849456787
6, 384, 3.89530849456787
6, 448, 3.83280849456787
6, 512, 3.77030849456787
6, 576, 3.77030849456787
6, 640, 3.83280849456787
6, 704, 3.64530849456787
6, 768, 3.83280849456787
6, 832, 3.95780849456787
6, 896, 3.89530849456787
6, 960, 3.89530849456787
6, 1024, 3.89530849456787
7, 64, 3.895308509469032
7, 128, 3.707808509469032
7, 192, 3.89530849456787
7, 256, 3.89530849456787
7, 320, 3.77030849456787
7, 384, 3.89530849456787
7, 448, 3.770308524370193
7, 512, 3.89530849456787
7, 576, 3.89530849456787
7, 640, 3.77030849456787
7, 704, 3.70780849456787
7, 768, 4.02030849456787
7, 832, 3.77030849456787
7, 896, 3.83280849456787
7, 960, 3.89530849456787
7, 1024, 3.70780849456787
8, 64, 3.70780849456787
8, 128, 3.77030849456787
8, 192, 4.02030849456787
8, 256, 3.83280849456787
8, 320, 4.02030849456787
8, 384, 3.89530849456787
8, 448, 3.83280849456787
8, 512, 3.95780849456787
8, 576, 3.89530849456787
8, 640, 4.02030849456787
8, 704, 3.89530849456787
8, 768, 3.77030849456787
8, 832, 3.83280849456787
8, 896, 3.77030849456787
8, 960, 3.83280849456787
8, 1024, 3.95780849456787
9, 64, 3.70780849456787
9, 128, 3.95780849456787
9, 192, 3.70780849456787
9, 256, 3.77030849456787
9, 320, 3.89530849456787
9, 384, 3.70780849456787
9, 448, 3.77030849456787
9, 512, 3.89530849456787
9, 576, 3.95780849456787
9, 640, 3.70780849456787
9, 704, 3.95780849456787
9, 768, 3.95780849456787
9, 832, 3.89530849456787
9, 896, 3.83280849456787
9, 960, 3.64530849456787
9, 1024, 3.77030849456787
0, 64, 3.94991020858287
0, 128, 3.878035098314285
0, 192, 3.815445616841316
0, 256, 3.813333764672279
0, 320, 3.954147562384605
0, 384, 3.810775622725486
0, 448, 3.813141211867332
0, 512, 3.8177105784416
0, 576, 3.745989099144935
0, 640, 3.81537741422653
0, 704, 3.882515653967857
0, 768, 3.8871317654848
0, 832, 3.95426738262176
0, 896, 3.671928316354751
0, 960, 3.8848368972539
0, 1024, 3.817692160606384
1, 64, 3.81769630312919
1, 128, 3.94963683187961
1, 192, 3.884820938110351
1, 256, 3.748251095414161
1, 320, 3.74594239890575
1, 384, 3.815377742052078
1, 448, 3.745940491557121
1, 512, 3.815377220511436
1, 576, 3.954265549778938
1, 640, 3.67417559027671
1, 704, 3.88018876314163
1, 768, 3.674177214503288
1, 832, 3.88250687718391
1, 896, 3.884819298982620
1, 960, 4.02370543777942
1, 1024, 3.81769251823425
2, 64, 3.954266339540481
2, 128, 3.676489487290382
2, 192, 3.810747087001800
2, 256, 3.951947063207626
2, 320, 3.80843125283718
2, 384, 3.810746937990188
2, 448, 3.887135595083236
2, 512, 3.95658048987388
2, 576, 3.81306140124797
2, 640, 3.951950475573539
2, 704, 3.81537778675556
2, 768, 3.95195080339908
2, 832, 3.745932668447494
2, 896, 3.88250648975372
2, 960, 3.74593245983123
2, 1024, 3.88482037186622
3, 64, 3.95426559448242
3, 128, 3.745933353900909
3, 192, 3.88250616192817
3, 256, 3.815376922488212
3, 320, 3.81769174337387
3, 384, 3.95426568388938
3, 448, 3.748247712850570
3, 512, 3.882506296038627
3, 576, 3.743617653846740
3, 640, 3.95426620543003
3, 704, 3.81537665426731
3, 768, 3.810746699571609
3, 832, 3.808431684970855
3, 896, 3.81769190728664
3, 960, 3.674173861742019
3, 1024, 3.947320029139518
4, 64, 3.951951846480369
4, 128, 3.813061580061912
4, 192, 3.80843192338943
4, 256, 3.597783356904983
4, 320, 3.884821236133575
4, 384, 3.81769199669361
4, 448, 3.81306186318397
4, 512, 3.954265788197517
4, 576, 3.815376982092857
4, 640, 3.884821310639381
4, 704, 3.95195063948631
4, 768, 3.951950594782829
4, 832, 3.748247623443603
4, 896, 3.88250616192817
4, 960, 3.95195065438747
4, 1024, 3.951950594782829
5, 64, 3.74361766874790
5, 128, 3.67648792266845
5, 192, 3.676487937569618
5, 256, 3.882506191730499
5, 320, 3.67880296707153
5, 384, 3.880191177129745
5, 448, 3.81537693738937
5, 512, 3.74593240022659
5, 576, 3.95195065438747
5, 640, 3.745932534337043
5, 704, 4.02371019124984
5, 768, 3.87556108832359
5, 832, 3.817692026495933
5, 896, 3.882506221532821
5, 960, 3.882506281137466
5, 1024, 3.815376996994018
6, 64, 3.810746714472770
6, 128, 3.607043638825416
6, 192, 3.882506221532821
6, 256, 3.884820714592933
6, 320, 3.671857818961143
6, 384, 3.674172937870025
6, 448, 3.60472857952117
6, 512, 3.951950699090957
6, 576, 3.53528417646884
6, 640, 3.954265624284744
6, 704, 3.877876162528991
6, 768, 3.947320535778999
6, 832, 3.813061788678169
6, 896, 3.743617400527000
6, 960, 3.9519507288932
6, 1024, 3.884821385145187
7, 64, 3.609358653426170
7, 128, 3.810746684670448
7, 192, 3.880191192030906
7, 256, 3.815376922488212
7, 320, 3.813061788678169
7, 384, 3.813061788678169
7, 448, 3.95658086240291
7, 512, 3.743617340922355
7, 576, 3.745932430028915
7, 640, 3.880191162228584
7, 704, 3.810746774077415
7, 768, 3.817691951990127
7, 832, 3.88250625133514
7, 896, 3.954265788197517
7, 960, 3.884821146726608
7, 1024, 3.60935908555984
8, 64, 3.810747027397155
8, 128, 3.873246535658836
8, 192, 3.74361750483512
8, 256, 3.67417320609092
8, 320, 3.884821310639381
8, 384, 4.01444992423057
8, 448, 3.817691951990127
8, 512, 3.67185786366462
8, 576, 3.8153768926858
8, 640, 3.884821310639381
8, 704, 3.884821325540542
8, 768, 3.745932444930076
8, 832, 3.74824750423431
8, 896, 3.95426577329635
8, 960, 3.88250625133514
8, 1024, 4.0237102210521
9, 64, 3.954265475273132
9, 128, 3.884821310639381
9, 192, 3.87787610292434
9, 256, 3.88482135534286
9, 320, 3.887136414647102
9, 384, 3.678803056478500
9, 448, 3.882506221532821
9, 512, 3.884821325540542
9, 576, 3.8153768926858
9, 640, 3.88250625133514
9, 704, 3.880191192030906
9, 768, 3.951950684189796
9, 832, 3.88250625133514
9, 896, 3.741302281618118
9, 960, 3.884821325540542
9, 1024, 3.95426577329635
0, 64, 3.988216713070869
0, 128, 3.98488925397396
0, 192, 3.976017683744430
0, 256, 3.97293029725551
0, 320, 3.952493250370025
0, 384, 3.82693821191787
0, 448, 3.760424837470054
0, 512, 3.9913111627101
0, 576, 3.95036841928958
0, 640, 3.759995877742767
0, 704, 3.88241124153137
0, 768, 3.816636681556701
0, 832, 3.94546900689601
0, 896, 3.949163973331451
0, 960, 3.883063599467277
0, 1024, 4.01945571601390
0, 64, 3.966617867350578
0, 128, 3.711510628461837
0, 192, 3.900286436080932
0, 256, 3.54340229928493
0, 320, 3.8818325698375
0, 384, 3.8826061785221
0, 448, 3.749874606728553
0, 512, 3.81715734302997
0, 576, 3.81994575262069
0, 640, 3.949440196156501
0, 704, 3.878949940204620
0, 768, 3.884848773479461
0, 832, 4.025516688823
0, 896, 3.880466848611831
0, 960, 3.817928418517112
0, 1024, 3.957120984792709
0, 64, 3.97594077885150
0, 128, 3.867179706692695
0, 192, 3.95575082302093
0, 256, 3.823470547795295
0, 320, 3.87608048319816
0, 384, 3.94615508615970
0, 448, 3.80061343312263
0, 512, 3.834911376237869
0, 576, 3.81439739465713
0, 640, 3.70004032552242
0, 704, 3.94905933737754
0, 768, 3.83198612928390
0, 832, 3.55178296566009
0, 896, 3.95343311131000
0, 960, 3.93624992668628
0, 1024, 3.79750809073448
0, 64, 3.966655939817428
0, 128, 3.776264771819114
0, 192, 3.7546014785766
0, 256, 3.615320518612861
0, 320, 3.681336417794227
0, 384, 3.88031083345413
0, 448, 3.81195276975631
0, 512, 3.745553627610206
0, 576, 3.823069110512733
0, 640, 3.743417769670486
0, 704, 3.604948431253433
0, 768, 4.02337794005870
0, 832, 3.815191984176635
0, 896, 3.815734505653381
0, 960, 3.951974451541900
0, 1024, 3.67641542851924
1, 64, 3.817713946104049
1, 128, 4.01898123323917
1, 192, 3.884838014841079
1, 256, 4.02368801832199
1, 320, 4.02138295769691
1, 384, 3.67186163365840
1, 448, 3.746057435870170
1, 512, 3.949666470289230
1, 576, 3.74846665561199
1, 640, 3.880135372281074
1, 704, 3.743949562311172
1, 768, 3.95194213092327
1, 832, 3.7436155229806
1, 896, 3.815290898084640
1, 960, 3.87984937429428
1, 1024, 3.745975852012634
2, 64, 3.810746386647224
2, 128, 3.815364852547645
2, 192, 3.74398180842399
2, 256, 3.882559776306152
2, 320, 3.95425461232662
2, 384, 3.810745626688003
2, 448, 3.810814738273620
2, 512, 3.880192548036575
2, 576, 3.88481950759887
2, 640, 3.88482113182544
2, 704, 3.745927587151527
2, 768, 4.01907612383365
2, 832, 4.01675599813461
2, 896, 3.877871394157409
2, 960, 3.81537304818630
2, 1024, 3.674212753772735
3, 64, 3.882536113262176
3, 128, 3.674172386527061
3, 192, 3.748337253928184
3, 256, 3.810744181275367
3, 320, 3.745934903621673
3, 384, 3.74593232572078
3, 448, 3.678804919123649
3, 512, 3.743634074926376
3, 576, 3.95194786787033
3, 640, 3.815372675657272
3, 704, 3.88249693810939
0, 64, 3.750966444611549
0, 128, 3.882483601570129
0, 192, 3.953801199793815
0, 256, 3.67648139595985
0, 320, 3.81712177395820
0, 384, 3.81311465799808
0, 448, 3.882507517933845
0, 512, 3.74361899495124
0, 576, 3.884813100099563
0, 640, 3.951981991529464
0, 704, 3.884800493717193
0, 768, 3.887134060263633
0, 832, 3.81769374012947
0, 896, 3.74362374842166
0, 960, 3.882507756352424
0, 1024, 3.6047134846448
1, 64, 3.882131472229957
1, 128, 3.882487818598747
1, 192, 3.743616268038749
1, 256, 3.815068900585174
1, 320, 3.745129168033
1, 384, 3.956587806344032
1, 448, 3.813062652945518
1, 512, 3.88250617682933
1, 576, 3.882506281137466
1, 640, 3.743679225444793
1, 704, 3.74594601988792
1, 768, 3.954265415668487
1, 832, 3.882505834102630
1, 896, 3.674173101782798
1, 960, 3.674172922968864
1, 1024, 3.815376833081245
2, 64, 3.88482098281383
2, 128, 3.74130241572856
2, 192, 3.607044175267219
2, 256, 3.815378233790397
2, 320, 3.678804308176040
2, 384, 3.884821325540542
2, 448, 3.813067123293876
2, 512, 3.8084318637847
2, 576, 3.80843162536621
0, 64, 3.747827157378196
0, 128, 3.741231337189674
0, 192, 3.954313546419143
0, 256, 3.748246535658836
0, 320, 3.815374746918678
0, 384, 4.01907688379287
0, 448, 3.951949924230575
0, 512, 3.678839504718780
0, 576, 3.81304439902305
0, 640, 3.810764074325561
0, 704, 3.94957241415977
0, 768, 3.81305761635303
0, 832, 3.884820625185966
0, 896, 3.745932981371879
0, 960, 3.817692041397094
0, 1024, 3.882505983114242
1, 64, 3.94963516294956
1, 128, 3.808430895209312
1, 192, 4.02139194309711
1, 256, 3.743623152375221
1, 320, 3.745929583907127
1, 384, 3.815377295017242
1, 448, 3.95426577329635
1, 512, 4.01907992362976
1, 576, 3.882506221532821
1, 640, 3.741303384304046
1, 704, 3.882506221532821
1, 768, 3.882506608963012
1, 832, 3.81306168437004
1, 896, 3.81769192218780
1, 960, 4.02139511704444
1, 1024, 3.81056031584739
2, 64, 3.74593240022659
2, 128, 3.887136414647102
2, 192, 3.817690700292587
2, 256, 3.745932340621948
2, 320, 3.468167290091514
2, 384, 3.95426577329635
2, 448, 3.81306177377700
2, 512, 3.887136369943618
2, 576, 3.884821236133575
2, 640, 3.88250662386417
2, 704, 3.94732052087783
2, 768, 3.817691773176193
2, 832, 3.7459322363138
2, 896, 3.88019159436225
2, 960, 3.817692190408706
2, 1024, 3.67185786366462
0, 64, 3.988201111555099
0, 128, 3.98704403638839
0, 192, 3.988175064325332
0, 256, 3.985722750425338
0, 320, 3.978945374488830
0, 384, 3.96766275167465
0, 448, 3.981158614158630
0, 512, 3.99172919988632
0, 576, 3.965108454227447
0, 640, 3.94022044539451
0, 704, 4.00281250476837
0, 768, 3.767196327447891
0, 832, 4.00928482413291
0, 896, 3.885802030563354
0, 960, 3.774943500757217
0, 1024, 3.861865162849426
0, 1088, 4.013859093189239
0, 1152, 3.958464831113815
0, 1216, 3.868376880884170
0, 1280, 3.86617380380630
0, 1344, 3.73640483617782
0, 1408, 3.97085556387901
0, 1472, 3.978874176740646
0, 1536, 3.975491046905517
0, 1600, 3.81381732225418
0, 1664, 3.79729264974594
0, 1728, 3.46811619400978
0, 1792, 3.900703996419906
0, 1856, 3.882180958986282
0, 1920, 3.860767394304275
0, 1984, 3.642356544733047
0, 2048, 3.98656213283538
0, 2112, 3.818753302097320
1, 64, 3.87296408414840
1, 128, 3.65020060539245
1, 192, 3.875643283128738
1, 256, 3.601446866989135
1, 320, 3.87759438157081
1, 384, 4.01994103193283
1, 448, 3.483091592788696
1, 512, 3.99416798353195
1, 576, 3.75246852636337
1, 640, 3.584021627902984
1, 704, 3.74931553006172
1, 768, 4.01755487918853
1, 832, 3.999527812004089
1, 896, 3.747617900371551
1, 960, 3.745625108480453
1, 1024, 3.751205056905746
1, 1088, 4.02220767736434
1, 1152, 3.627851247787475
1, 1216, 3.60921442508697
1, 1280, 3.611215382814407
1, 1344, 3.742535084486007
1, 1408, 4.02397537231445
1, 1472, 3.888772606849670
1, 1536, 3.892517983913421
1, 1600, 3.876360625028610
1, 1664, 3.87995567917823
1, 1728, 3.750172555446624
1, 1792, 3.468571007251739
1, 1856, 3.470298051834106
1, 1920, 4.02080267667770
1, 1984, 3.88076135516166
1, 2048, 3.74387618899345
1, 2112, 3.616076380014419
2, 64, 3.48351618647575
2, 128, 4.02478748559951
2, 192, 3.882875859737396
2, 256, 3.739564716815948
2, 320, 3.878334224224090
2, 384, 3.88347357511520
2, 448, 3.751190066337585
2, 512, 3.737805843353271
2, 576, 3.612433731555938
2, 640, 3.738934159278869
2, 704, 3.621513485908508
2, 768, 3.742740929126739
2, 832, 3.8830082118511
2, 896, 3.60767078399658
2, 960, 3.879008084535598
2, 1024, 3.877063930034637
2, 1088, 3.748335272073745
2, 1152, 3.74192261695861
2, 1216, 3.744782209396362
2, 1280, 3.74247762560844
2, 1344, 3.60821431875228
2, 1408, 3.74841386079788
2, 1472, 3.880559831857681
2, 1536, 3.886432200670242
2, 1600, 4.02061823010444
2, 1664, 3.886513382196426
2, 1728, 3.62365713715553
2, 1792, 3.764968425035476
2, 1856, 3.73916250467300
2, 1920, 3.608620703220367
2, 1984, 3.878863483667373
2, 2048, 3.88712915778160
2, 2112, 3.748240858316421
3, 64, 4.02132812142372
3, 128, 3.886360555887222
3, 192, 4.02138596773147
3, 256, 4.02601534128189
3, 320, 3.886708170175552
3, 384, 4.02136260271072
3, 448, 3.877572119235992
3, 512, 3.887415915727615
3, 576, 3.64014631509780
3, 640, 3.8872056603431
3, 704, 4.02101483941078
3, 768, 3.749337643384933
3, 832, 3.88541233539581
3, 896, 3.47253078222274
3, 960, 4.01746046543121
3, 1024, 4.01976272463798
3, 1088, 4.01144510507583
3, 1152, 3.8832537233829
3, 1216, 3.931208282709121
3, 1280, 3.871814906597137
3, 1344, 3.633828908205032
3, 1408, 3.890242695808410
3, 1472, 3.48842862248420
3, 1536, 3.939199119806289
3, 1600, 3.96576881408691
3, 1664, 3.80754500627517
3, 1728, 3.44421815872192
3, 1792, 4.00063559412956
3, 1856, 3.839438855648040
3, 1920, 3.807948440313339
3, 1984, 3.88395670056343
3, 2048, 3.9090774655342
3, 2112, 3.887952625751495
4, 64, 3.73848217725753
0, 64, 3.9847047626972
0, 128, 3.981086432933807
0, 192, 3.97931063175201
0, 256, 3.9672367274761
0, 320, 3.976451009511947
0, 384, 3.97113344073295
0, 448, 3.997797459363937
0, 512, 3.884990811347961
0, 576, 3.8849049210548
0, 640, 3.741374641656875
0, 704, 4.01596027612686
0, 768, 3.890327334403991
0, 832, 3.778966665267944
0, 896, 3.8268498778343
0, 960, 3.750853359699249
0, 1024, 3.648687750101089
0, 1088, 3.88490220904350
0, 1152, 3.99954253435134
0, 1216, 3.89867186546325
0, 1280, 3.7605232596397
0, 1344, 4.01845511794090
0, 1408, 4.01516032218933
0, 1472, 3.490032017230987
0, 1536, 3.627131730318069
0, 1600, 3.883103936910629
0, 1664, 4.0200142860412
0, 1728, 4.01501569151878
0, 1792, 3.88585242629051
0, 1856, 3.75257086753845
0, 1920, 3.887622803449630
0, 1984, 3.337783724069595
0, 2048, 3.749156862497329
0, 2112, 4.02389872074127
1, 64, 4.0248346924781
0, 64, 3.98975062370300
0, 64, 3.98816610872745
0, 128, 3.988099023699760
0, 192, 3.99034577608108
0, 256, 3.9718468189239
0, 320, 3.952678576111793
0, 384, 3.920144751667976
0, 448, 3.92184263467788
0, 512, 3.94166077673435
0, 576, 3.90587086975574
0, 640, 3.907798126339912
0, 704, 3.778361335396766
0, 768, 3.857272878289222
0, 832, 3.914341881871223
0, 896, 3.95205742120742
0, 960, 3.77438616752624
0, 1024, 3.903890430927276
0, 64, 3.98798391222953
0, 128, 3.98494529724121
0, 64, 3.98697054386138
0, 128, 3.98549953103065
0, 192, 3.96390053629875
0, 256, 3.9569187909364
0, 64, 3.99015188217163
0, 128, 3.976685166358947
0, 192, 3.970579087734222
0, 256, 3.918990463018417
0, 320, 3.922159671783447
0, 64, 4.00422924757003
0, 128, 4.00313085317611
0, 192, 3.9868926703929
0, 256, 3.97467109560966
0, 320, 3.77995958924293
0, 384, 3.398679763078689
0, 448, 3.42056843638420
0, 512, 3.6350283622741
0, 576, 3.494892388582229
0, 640, 3.51931339502334
0, 704, 3.498078256845474
0, 768, 3.22252088785171
0, 832, 3.48547992110252
0, 896, 3.61567875742912
0, 960, 3.611055284738540
0, 1024, 3.491278320550918
0, 1088, 3.3539136648178
0, 1152, 3.35080963373184
0, 1216, 3.627488642930984
0, 1280, 3.488942742347717
0, 1344, 3.483681678771972
0, 1408, 3.349955886602401
0, 1472, 3.48446440696716
0, 1536, 3.345134377479553
0, 1600, 3.346036940813064
0, 1664, 3.627111196517944
0, 1728, 3.347063452005386
0, 1792, 3.622550725936889
0, 1856, 3.345018625259399
0, 1920, 3.628700584173202
0, 1984, 3.4793064594268
0, 2048, 3.62266099452972
0, 2112, 3.345340400934219
0, 2176, 3.891193956136703
0, 2240, 3.34938305616378
0, 2304, 3.488234072923660
0, 2368, 3.47614800930023
0, 2432, 3.900265812873840
0, 2496, 3.6179683506488
0, 2560, 3.48850971460342
0, 2624, 3.48365941643714
0, 2688, 3.488154083490371
0, 2752, 3.21109977364540
0, 2816, 3.627058625221252
0, 2880, 3.488171130418777
0, 2944, 3.90031737089157
0, 3008, 3.62272062897682
0, 3072, 3.622508585453033
0, 3136, 3.21057090163230
0, 3200, 3.488163203001022
0, 3264, 3.34494587779045
0, 3328, 3.483610957860946
0, 3392, 2.933298617601394
0, 3456, 3.210381925106048
0, 3520, 3.07154020667076
0, 3584, 3.47908508777618
0, 3648, 3.48816186189651
0, 3712, 3.349310219287872
0, 3776, 3.20609790086746
0, 3840, 3.48851394653320
0, 3904, 3.479130417108535
0, 3968, 3.344846606254577
0, 4032, 3.483611166477203
0, 4096, 3.34019351005554
0, 4160, 3.210390508174896
0, 4224, 3.488165348768234
0, 4288, 3.48820731043815
0, 4352, 3.34472203254699
0, 4416, 3.344790190458297
0, 4480, 3.7613877356052
0, 4544, 3.479120880365371
0, 4608, 3.349320143461227
0, 4672, 3.205887317657470
0, 4736, 3.62704828381538
0, 64, 4.00624027848243
0, 128, 3.975696265697479
0, 192, 3.817895025014877
0, 256, 3.44650477170944
0, 320, 3.26073625683784
0, 384, 3.51382967829704
0, 448, 3.34867492318153
0, 512, 3.490838319063186
0, 576, 3.628216087818145
0, 640, 3.208653241395950
0, 704, 3.493784040212631
0, 768, 3.613976657390594
0, 832, 3.624190449714660
0, 896, 3.34987059235572
0, 960, 3.3497984707355
0, 1024, 3.48424392938613
0, 1088, 3.483891904354095
0, 1152, 3.62780570983886
0, 1216, 3.21072986721992
0, 1280, 3.895831316709518
0, 1344, 3.34567031264305
0, 1408, 3.349746704101562
0, 1472, 3.210750281810760
0, 1536, 3.34572264552116
0, 1600, 3.21055430173873
0, 1664, 3.479114562273025
0, 1728, 3.48842221498489
0, 1792, 3.483809888362884
0, 1856, 3.48848572373390
0, 1920, 3.618291378021240
0, 1984, 3.21064478158950
0, 2048, 3.62260794639587
0, 2112, 3.21076929569244
0, 2176, 3.488189339637756
0, 2240, 3.488181143999099
0, 2304, 3.48851463198661
0, 2368, 3.618028014898
0, 2432, 3.349295943975448
0, 2496, 3.62252068519592
0, 2560, 3.34930804371833
0, 2624, 3.62262877821922
0, 2688, 3.488261759281158
0, 2752, 3.071516335010528
0, 2816, 3.344851225614547
0, 2880, 3.20609349012374
0, 2944, 3.48363351821899
0, 3008, 3.483631938695907
0, 3072, 3.20589771866798
0, 3136, 3.210423141717910
0, 3200, 3.618019670248031
0, 3264, 3.344749808311462
0, 3328, 3.3447703719139
0, 3392, 3.62259724736213
0, 3456, 3.21047097444534
0, 3520, 3.622548729181289
0, 3584, 3.34018298983573
0, 3648, 3.071537315845489
0, 3712, 3.349334388971328
0, 3776, 3.349277734756469
0, 3840, 3.48364987969398
0, 3904, 3.4790735542774
0, 3968, 3.34474807977676
0, 4032, 3.761393070220947
0, 4096, 3.62709155678749
0, 4160, 3.344725966453552
0, 4224, 3.34927615523338
0, 4288, 3.344747960567474
0, 4352, 3.62256604433059
0, 4416, 3.622498363256454
0, 4480, 3.344724237918853
0, 4544, 3.344721615314483
0, 4608, 3.488184988498687
0, 4672, 3.48815903067588
0, 4736, 3.62250626087188
0, 4800, 3.488160073757171
0, 4864, 3.205839186906814
0, 4928, 3.349270403385162
0, 4992, 3.2103961706161
0, 5056, 3.483628392219543
0, 5120, 3.904824316501617
0, 5184, 3.349275201559066
0, 5248, 3.488158226013183
0, 5312, 3.3492709994316
0, 5376, 3.344725072383880
0, 64, 3.99222224950790
0, 128, 3.97715795040130
0, 192, 3.700239002704620
0, 256, 3.57666698098182
0, 320, 3.24149575829505
0, 384, 3.631430119276046
0, 448, 3.218780875205993
0, 512, 2.93685129284858
0, 576, 3.625759512186050
0, 640, 3.346958935260772
0, 704, 3.353610843420028
0, 768, 3.489206641912460
0, 832, 3.75687429308891
0, 896, 3.21184617280960
0, 960, 3.47970241308212
0, 1024, 3.211439639329910
0, 1088, 3.48942276835441
0, 1152, 3.349723786115646
0, 1216, 3.623760104179382
0, 1280, 3.4838833510875
0, 1344, 3.072100609540939
0, 1408, 3.345113933086395
0, 1472, 3.34525552392005
0, 1536, 3.344969809055328
0, 1600, 3.479168385267257
0, 1664, 3.349623471498489
0, 1728, 3.211018115282058
0, 1792, 3.47507196664810
0, 1856, 3.4794205427169
0, 1920, 3.344863981008529
0, 1984, 3.76150712370872
0, 2048, 3.349478960037231
0, 2112, 3.344958811998367
0, 2176, 3.90031230449676
0, 2240, 3.07348603010177
0, 2304, 3.48824074864387
0, 2368, 3.211058378219604
0, 2432, 3.61798188090324
0, 2496, 3.34021735191345
0, 2560, 3.3448380231857
0, 2624, 3.900275677442550
0, 2688, 3.761410236358642
0, 2752, 3.48819723725318
0, 2816, 3.48363679647445
0, 2880, 3.349423617124557
0, 2944, 3.47909462451934
0, 3008, 3.34475368261337
0, 3072, 3.34930405020713
0, 3136, 3.34507170319557
0, 3200, 3.62254768610000
0, 3264, 3.62705644965171
0, 3328, 3.622523367404937
0, 3392, 3.622511446475982
0, 3456, 3.479086369276046
0, 3520, 3.34930410981178
0, 3584, 3.62709718942642
0, 3648, 3.488508284091949
0, 3712, 3.210766732692718
0, 3776, 3.344894081354141
0, 3840, 3.34018981456756
0, 3904, 3.210495054721832
0, 3968, 3.48827278614044
0, 4032, 3.47908475995063
0, 4096, 3.761388331651687
0, 4160, 3.47907969355583
0, 4224, 3.205854624509811
0, 4288, 3.34928274154663
0, 4352, 3.48362636566162
0, 4416, 3.344738662242889
0, 4480, 3.891182959079742
0, 4544, 3.349280714988708
0, 4608, 3.483608573675155
0, 4672, 2.93261235952377
0, 4736, 3.483619779348373
0, 4800, 3.349275738000869
0, 4864, 3.622503817081451
0, 4928, 3.48818224668502
0, 4992, 3.622513502836227
0, 5056, 3.2104206383228
0, 5120, 3.210420727729797
0, 5184, 3.20583537220954
0, 5248, 3.61341154575347
0, 5312, 3.479075670242309
0, 5376, 3.90027594566345
1, 64, 3.21041300892829
1, 128, 3.21042653918266
1, 192, 3.765949606895446
1, 256, 3.344722747802734
1, 320, 3.60885673761367
1, 384, 3.483611345291137
1, 448, 3.344727277755737
1, 512, 3.622503072023391
1, 576, 3.349271029233932
1, 640, 3.4790635704994
1, 704, 3.627047181129455
1, 768, 3.210381209850311
1, 832, 3.48361229896545
1, 896, 3.622501283884048
1, 960, 3.617952942848205
1, 1024, 3.617952018976211
1, 1088, 3.483616322278976
1, 1152, 3.61340415477752
1, 1216, 3.62249895930290
1, 1280, 3.627046316862106
1, 1344, 3.483594745397567
1, 1408, 3.62252792716026
1, 1472, 3.48360905051231
1, 1536, 3.07149222493171
1, 1600, 3.210381478071212
1, 1664, 3.488159775733947
1, 1728, 3.488160222768783
1, 1792, 3.483613699674606
1, 1856, 3.205839097499847
1, 1920, 3.488158464431762
1, 1984, 3.761387497186660
1, 2048, 3.349268972873687
1, 2112, 3.2103809416294
1, 2176, 3.344720900058746
1, 2240, 3.210381478071212
1, 2304, 3.488157510757446
1, 2368, 3.34926885366439
1, 2432, 3.34017544984817
1, 2496, 3.071494281291961
1, 2560, 3.48361006379127
1, 2624, 3.21039396524429
1, 2688, 3.76593548059463
1, 2752, 3.344721972942352
1, 2816, 3.210383445024490
1, 2880, 3.622498691082000
1, 2944, 3.349269419908523
1, 3008, 3.4836101233959
1, 3072, 3.2058417499065
1, 3136, 3.765937298536300
1, 3200, 3.349268704652786
1, 3264, 3.61340692639350
1, 3328, 3.75229290127754
1, 3392, 3.62704652547836
1, 3456, 3.34926867485046
1, 3520, 3.34926882386207
1, 3584, 3.900276541709
1, 3648, 3.761388033628463
1, 3712, 3.20583236217498
1, 3776, 3.62704637646675
1, 3840, 3.34017384052276
1, 3904, 3.479062676429748
1, 3968, 3.617951720952987
1, 4032, 3.21037989854812
1, 4096, 3.622498899698257
1, 4160, 3.483610093593597
1, 4224, 3.488157540559768
1, 4288, 3.210379779338836
1, 4352, 3.07149091362953
1, 4416, 3.75684022903442
1, 4480, 3.483610093593597
1, 4544, 3.627049624919891
1, 4608, 3.34926867485046
1, 4672, 3.483610033988952
1, 4736, 3.349268883466720
1, 4800, 3.210381001234054
1, 4864, 3.20583269000053
1, 4928, 3.07149115204811
1, 4992, 3.21038064360618
1, 5056, 3.48361051082611
1, 5120, 3.340175569057464
1, 5184, 3.071491032838821
1, 5248, 3.483610033988952
1, 5312, 3.62249895930290
1, 5376, 3.488157540559768
2, 64, 3.488157749176025
2, 128, 3.627046406269073
2, 192, 3.205832272768020
2, 256, 3.34927085041999
2, 320, 3.344722837209701
2, 384, 3.349268645048141
2, 448, 3.48815748095512
2, 512, 3.21037986874580
2, 576, 3.613404035568237
2, 640, 3.349268645048141
2, 704, 3.48815742135047
2, 768, 3.349268645048141
2, 832, 3.617951720952987
2, 896, 3.488159447908401
2, 960, 3.20583221316337
2, 1024, 3.349268645048141
2, 1088, 3.617951482534408
2, 1152, 3.617951393127441
2, 1216, 3.07149091362953
2, 1280, 3.34926861524581
2, 1344, 3.6224989295005
2, 1408, 3.2058323919773
2, 1472, 3.6224989295005
2, 1536, 3.34926861524581
2, 1600, 3.479062885046005
2, 1664, 3.349268645048141
2, 1728, 3.76138782501220
2, 1792, 3.48360997438430
2, 1856, 3.205832421779632
2, 1920, 3.34926867485046
2, 1984, 3.895729243755340
2, 2048, 3.483610033988952
2, 2112, 3.6224989295005
2, 2176, 3.62249886989593
2, 2240, 3.483610093593597
2, 2304, 3.75684031844139
2, 2368, 3.21037971973419
2, 2432, 3.205832272768020
2, 2496, 3.34926861524581
2, 2560, 3.21037980914115
2, 2624, 3.627047002315521
2, 2688, 3.34926861524581
0, 64, 4.004913985729217
0, 128, 4.003760218620
0, 64, 4.00461256504058
0, 128, 4.00440704822540
0, 192, 4.00398766994476
0, 256, 4.003734946250915
0, 320, 4.0039089918136
0, 384, 4.00626909732818
0, 448, 4.00646346807479
0, 512, 4.00385341048240
0, 576, 4.00766855478286
0, 640, 4.004886001348495
0, 704, 4.00280883908271
0, 768, 3.99992880225181
0, 832, 4.000289380550384
0, 64, 3.787948668003082
0, 128, 3.56264382600784
0, 192, 3.720547974109649
0, 256, 3.414033234119415
0, 320, 3.2833205759525
0, 384, 3.538089275360107
0, 448, 3.288098365068435
0, 512, 3.413098126649856
0, 576, 3.304613977670669
0, 640, 3.16467916965484
0, 704, 3.03841063380241
0, 768, 3.538205951452255
0, 832, 3.4130408763885
0, 896, 3.288127273321151
0, 960, 3.16309663653373
0, 1024, 3.413096576929092
0, 1088, 3.413096576929092
0, 1152, 3.28814044594764
0, 1216, 3.16309663653373
0, 1280, 3.288095295429229
0, 1344, 3.5380965471267
0, 1408, 3.5380965471267
0, 1472, 3.413589000701904
0, 1536, 3.163357168436050
0, 1600, 3.28809660673141
0, 1664, 3.28809660673141
0, 1728, 3.288099408149719
0, 1792, 3.413096576929092
0, 1856, 3.663081288337707
0, 1920, 3.53809660673141
0, 1984, 3.538097649812698
0, 2048, 3.413096576929092
0, 2112, 3.16309663653373
0, 2176, 3.6631005406379
0, 2240, 3.16309708356857
0, 2304, 3.28810662031173
0, 2368, 3.66312253475189
0, 2432, 3.413096576929092
0, 2496, 3.413115859031677
0, 2560, 3.28810092806816
0, 2624, 3.78809571266174
0, 2688, 3.41310140490531
0, 2752, 3.413096576929092
0, 2816, 3.163096725940704
0, 2880, 3.53809660673141
0, 2944, 3.28809660673141
0, 3008, 3.288097202777862
0, 3072, 3.288096815347671
0, 3136, 3.53810721635818
0, 3200, 3.413103431463241
0, 3264, 3.28810521960258
0, 3328, 3.16309663653373
0, 3392, 3.538084656000137
0, 3456, 3.41309660673141
0, 3520, 3.41309669613838
0, 3584, 3.28809624910354
0, 3648, 3.413096576929092
0, 3712, 3.41309663653373
0, 3776, 3.16309663653373
0, 3840, 3.91309645771980
0, 3904, 3.5380965471267
0, 3968, 3.66309738159179
0, 4032, 3.41310629248619
0, 4096, 3.5380965471267
0, 4160, 3.41310146450996
0, 4224, 3.663096129894256
0, 4288, 3.413097023963928
0, 4352, 3.288097023963928
0, 4416, 3.66309079527854
0, 4480, 3.413108259439468
0, 4544, 3.53824573755264
0, 4608, 3.413105964660644
0, 4672, 3.5380965471267
0, 4736, 3.28809660673141
0, 4800, 3.66309639811515
0, 4864, 3.413096576929092
0, 4928, 3.538096427917480
0, 4992, 3.41309663653373
0, 5056, 3.163096666336059
0, 5120, 3.16309663653373
0, 5184, 3.28809839487075
0, 5248, 3.28809660673141
0, 5312, 3.413097649812698
0, 5376, 3.6630965471267
1, 64, 3.16309699416160
1, 128, 3.28809785842895
1, 192, 3.28809660673141
1, 256, 3.5380965471267
1, 320, 3.288110047578811
1, 384, 3.28809660673141
1, 448, 3.788096755743026
1, 512, 3.41309660673141
1, 576, 3.413096576929092
1, 640, 3.288102269172668
1, 704, 3.5380965471267
1, 768, 3.41309660673141
1, 832, 3.663096517324447
1, 896, 3.413096576929092
1, 960, 3.413096576929092
1, 1024, 3.413096576929092
1, 1088, 3.5380965471267
1, 1152, 3.413096278905868
1, 1216, 3.41309669613838
1, 1280, 3.28809660673141
1, 1344, 3.16309663653373
1, 1408, 3.413096576929092
1, 1472, 3.28809660673141
1, 1536, 3.288097262382507
1, 1600, 3.5380965471267
1, 1664, 3.5380965471267
1, 1728, 3.413096576929092
1, 1792, 3.53809660673141
1, 1856, 3.663096517324447
1, 1920, 3.663096517324447
1, 1984, 3.413096576929092
1, 2048, 3.16309663653373
1, 2112, 3.7880965471267
1, 2176, 3.28809660673141
1, 2240, 3.413096576929092
1, 2304, 3.5380965471267
1, 2368, 3.16309663653373
1, 2432, 3.5380965471267
1, 2496, 3.41309899091720
1, 2560, 3.413096576929092
1, 2624, 3.5380965471267
1, 2688, 3.288096666336059
1, 2752, 3.163096755743026
1, 2816, 3.16309663653373
1, 2880, 3.28809663653373
1, 2944, 3.413096964359283
1, 3008, 3.16309663653373
1, 3072, 3.53809669613838
1, 3136, 3.413096576929092
1, 3200, 3.413096576929092
1, 3264, 3.78809660673141
1, 3328, 3.5380965471267
1, 3392, 3.663096517324447
1, 3456, 3.16309663653373
1, 3520, 3.16309663653373
1, 3584, 3.413096576929092
1, 3648, 3.663096517324447
1, 3712, 3.663096517324447
1, 3776, 3.413096576929092
1, 3840, 3.413096576929092
1, 3904, 3.41309660673141
1, 3968, 3.5380965471267
1, 4032, 3.28809660673141
1, 4096, 3.28809660673141
1, 4160, 3.663096517324447
1, 4224, 3.413096576929092
1, 4288, 3.413096517324447
1, 4352, 3.41309839487075
1, 4416, 3.663096576929092
1, 4480, 3.788096487522125
1, 4544, 3.5380965471267
1, 4608, 3.28809660673141
1, 4672, 3.5380965471267
1, 4736, 3.28809660673141
1, 4800, 3.28809660673141
1, 4864, 3.5380965471267
1, 4928, 3.28809660673141
1, 4992, 3.16309663653373
1, 5056, 3.16309663653373
1, 5120, 3.4130971729755
1, 5184, 3.413096576929092
1, 5248, 3.28809660673141
1, 5312, 3.28809660673141
1, 5376, 3.413096576929092
2, 64, 3.5380965471267
2, 128, 3.663096517324447
2, 192, 3.663096278905868
2, 256, 3.5380965471267
2, 320, 3.663096517324447
2, 384, 3.413096576929092
2, 448, 3.788096487522125
2, 512, 3.28809660673141
2, 576, 3.413096576929092
2, 640, 3.28809663653373
2, 704, 3.28809660673141
2, 768, 3.413096576929092
2, 832, 3.28809678554534
2, 896, 3.16309663653373
2, 960, 3.413096576929092
2, 1024, 3.28809660673141
2, 1088, 3.16309663653373
2, 1152, 3.28809660673141
2, 1216, 3.413096576929092
2, 1280, 3.28809660673141
2, 1344, 3.28809660673141
2, 1408, 3.413096576929092
2, 1472, 3.413096576929092
2, 1536, 3.5380965471267
2, 1600, 3.5380965471267
2, 1664, 3.28809660673141
2, 1728, 3.038096666336059
2, 1792, 3.788096487522125
2, 1856, 3.038096666336059
2, 1920, 3.5380965471267
2, 1984, 3.413096576929092
2, 2048, 3.413096576929092
2, 2112, 3.5380965471267
2, 2176, 3.413096576929092
2, 2240, 3.788096487522125
2, 2304, 3.413096576929092
2, 2368, 3.288096666336059
2, 2432, 3.28809660673141
2, 2496, 3.163096517324447
2, 2560, 3.28809660673141
2, 2624, 3.413096576929092
2, 2688, 3.16309663653373
2, 2752, 3.5380965471267
2, 2816, 3.28809660673141
2, 2880, 3.5380965471267
2, 2944, 3.663096517324447
2, 3008, 3.663096517324447
2, 3072, 3.413096576929092
2, 3136, 3.5380965471267
2, 3200, 3.413096576929092
2, 3264, 3.5380965471267
2, 3328, 3.663096517324447
2, 3392, 3.413096576929092
2, 3456, 3.5380965471267
2, 3520, 3.28809660673141
2, 3584, 3.28809660673141
2, 3648, 3.413097023963928
2, 3712, 3.413096576929092
2, 3776, 3.5380965471267
2, 3840, 3.413096576929092
2, 3904, 3.413096576929092
2, 3968, 3.663096517324447
2, 4032, 3.413096576929092
2, 4096, 3.28809660673141
2, 4160, 3.413096576929092
2, 4224, 3.5380965471267
2, 4288, 3.28809663653373
2, 4352, 3.5380965471267
2, 4416, 3.5380965471267
2, 4480, 3.413096666336059
2, 4544, 3.5380965471267
2, 4608, 3.038096666336059
2, 4672, 3.663096517324447
2, 4736, 3.413096576929092
2, 4800, 3.28809660673141
2, 4864, 3.5380965471267
2, 4928, 3.28809660673141
2, 4992, 3.413096576929092
2, 5056, 3.28809660673141
2, 5120, 3.5380965471267
2, 5184, 3.5380965471267
2, 5248, 3.663096517324447
2, 5312, 3.16309663653373
2, 5376, 3.663096517324447
3, 64, 3.5380965471267
3, 128, 3.16309663653373
3, 192, 3.538096487522125
3, 256, 3.28809660673141
3, 320, 3.5380965471267
3, 384, 3.28809660673141
3, 448, 3.16309663653373
3, 512, 3.5380965471267
3, 576, 3.413096576929092
3, 640, 3.5380965471267
3, 704, 3.5380965471267
3, 768, 3.5380965471267
3, 832, 3.16309663653373
3, 896, 3.28809660673141
3, 960, 3.5380965471267
3, 1024, 3.413096576929092
3, 1088, 3.413096576929092
3, 1152, 3.413096576929092
3, 1216, 3.413096576929092
3, 1280, 3.663096517324447
3, 1344, 3.28809660673141
3, 1408, 3.413096576929092
3, 1472, 3.16309663653373
3, 1536, 3.28809660673141
3, 1600, 3.663096517324447
3, 1664, 3.413096576929092
3, 1728, 3.413096576929092
3, 1792, 3.5380965471267
3, 1856, 3.5380965471267
3, 1920, 3.16309663653373
3, 1984, 3.663096517324447
3, 2048, 3.413096576929092
3, 2112, 3.28809660673141
3, 2176, 3.5380965471267
3, 2240, 3.663096517324447
3, 2304, 3.5380965471267
3, 2368, 3.28809660673141
3, 2432, 3.5380965471267
3, 2496, 3.28809660673141
3, 2560, 3.5380965471267
3, 2624, 3.663096517324447
3, 2688, 3.28809660673141
3, 2752, 3.28809660673141
3, 2816, 3.16309663653373
3, 2880, 3.413096576929092
3, 2944, 3.5380965471267
3, 3008, 3.663096517324447
3, 3072, 3.413096576929092
3, 3136, 3.28809660673141
3, 3200, 3.413096576929092
3, 3264, 3.413096576929092
3, 3328, 3.413096576929092
3, 3392, 3.5380965471267
3, 3456, 3.28809663653373
3, 3520, 3.28809660673141
3, 3584, 3.28809660673141
3, 3648, 3.663096517324447
3, 3712, 3.28809660673141
3, 3776, 3.413096576929092
3, 3840, 3.413096576929092
3, 3904, 3.5380965471267
3, 3968, 3.5380965471267
3, 4032, 3.413096576929092
3, 4096, 3.413096576929092
3, 4160, 3.28809660673141
3, 4224, 3.5380965471267
3, 4288, 3.663096517324447
3, 4352, 3.16309663653373
3, 4416, 3.5380965471267
3, 4480, 3.16309663653373
3, 4544, 3.413096576929092
3, 4608, 3.16309663653373
3, 4672, 3.413096576929092
3, 4736, 3.16309663653373
3, 4800, 3.413096576929092
3, 4864, 3.413096576929092
3, 4928, 3.28809660673141
3, 4992, 3.16309663653373
3, 5056, 3.5380965471267
3, 5120, 3.788096487522125
3, 5184, 3.28809660673141
3, 5248, 3.413096576929092
3, 5312, 3.788096487522125
3, 5376, 3.16309663653373
4, 64, 3.413096576929092
4, 128, 3.5380965471267
4, 192, 3.413096576929092
4, 256, 3.28809660673141
4, 320, 3.28809660673141
4, 384, 3.413096576929092
4, 448, 3.91309645771980
4, 512, 3.28809660673141
4, 576, 3.16309663653373
4, 640, 3.28809660673141
4, 704, 3.038096666336059
4, 768, 3.28809660673141
4, 832, 3.413096576929092
4, 896, 3.413096576929092
4, 960, 3.28809660673141
4, 1024, 3.16309663653373
4, 1088, 3.28809660673141
4, 1152, 3.413096576929092
4, 1216, 3.413096576929092
4, 1280, 3.663096517324447
4, 1344, 3.28809660673141
4, 1408, 3.5380965471267
4, 1472, 3.413096576929092
4, 1536, 3.413096576929092
4, 1600, 3.5380965471267
4, 1664, 3.16309663653373
4, 1728, 3.16309663653373
4, 1792, 3.413096576929092
4, 1856, 3.16309663653373
4, 1920, 3.28809660673141
4, 1984, 3.788096487522125
4, 2048, 3.788096487522125
4, 2112, 3.28809660673141
4, 2176, 3.788096487522125
4, 2240, 3.663096517324447
4, 2304, 3.28809660673141
4, 2368, 3.5380965471267
4, 2432, 3.788096487522125
4, 2496, 3.5380965471267
4, 2560, 3.28809660673141
4, 2624, 3.413096576929092
4, 2688, 3.5380965471267
4, 2752, 3.5380965471267
4, 2816, 3.5380965471267
4, 2880, 3.413096576929092
4, 2944, 3.16309663653373
4, 3008, 3.413096576929092
4, 3072, 3.28809660673141
4, 3136, 3.663096517324447
4, 3200, 3.28809660673141
4, 3264, 3.663096517324447
4, 3328, 3.5380965471267
4, 3392, 3.413096576929092
4, 3456, 3.16309663653373
4, 3520, 3.16309663653373
4, 3584, 3.28809660673141
4, 3648, 3.413096576929092
4, 3712, 3.663096517324447
4, 3776, 3.5380965471267
4, 3840, 3.413096576929092
4, 3904, 3.663096517324447
4, 3968, 3.413096576929092
4, 4032, 3.28809660673141
4, 4096, 3.413096576929092
4, 4160, 3.663096517324447
4, 4224, 3.5380965471267
4, 4288, 3.28809660673141
4, 4352, 3.28809660673141
4, 4416, 3.16309663653373
4, 4480, 3.28809660673141
4, 4544, 3.663096517324447
4, 4608, 3.5380965471267
4, 4672, 3.16309663653373
4, 4736, 3.038096666336059
4, 4800, 3.16309663653373
4, 4864, 3.413096576929092
4, 4928, 3.5380965471267
4, 4992, 3.28809660673141
4, 5056, 3.413096576929092
4, 5120, 3.28809660673141
4, 5184, 3.28809660673141
4, 5248, 3.413096576929092
4, 5312, 3.5380965471267
4, 5376, 3.663096517324447
5, 64, 3.5380965471267
5, 128, 3.28809660673141
5, 192, 3.5380965471267
5, 256, 3.413096576929092
5, 320, 3.5380965471267
5, 384, 3.28809660673141
5, 448, 3.28809660673141
5, 512, 3.5380965471267
5, 576, 3.5380965471267
5, 640, 3.413096576929092
5, 704, 3.413096576929092
5, 768, 3.413096576929092
5, 832, 3.16309663653373
5, 896, 3.413096576929092
5, 960, 3.5380965471267
5, 1024, 3.28809660673141
5, 1088, 3.413096576929092
5, 1152, 3.16309663653373
5, 1216, 3.663096517324447
5, 1280, 3.663096517324447
5, 1344, 3.5380965471267
5, 1408, 3.413096576929092
5, 1472, 3.5380965471267
5, 1536, 3.038096666336059
5, 1600, 3.413096576929092
5, 1664, 3.663096517324447
5, 1728, 3.5380965471267
5, 1792, 3.5380965471267
5, 1856, 3.5380965471267
5, 1920, 3.5380965471267
5, 1984, 3.5380965471267
5, 2048, 3.788096487522125
5, 2112, 3.5380965471267
5, 2176, 3.413096576929092
5, 2240, 3.5380965471267
5, 2304, 3.413096576929092
5, 2368, 3.5380965471267
5, 2432, 3.413096576929092
5, 2496, 3.663096517324447
5, 2560, 3.413096576929092
5, 2624, 3.28809660673141
5, 2688, 3.663096517324447
5, 2752, 3.413096576929092
5, 2816, 3.413096576929092
5, 2880, 3.28809660673141
5, 2944, 3.5380965471267
5, 3008, 3.788096487522125
5, 3072, 3.663096517324447
5, 3136, 3.413096576929092
5, 3200, 3.28809660673141
5, 3264, 3.28809660673141
5, 3328, 3.413096576929092
5, 3392, 3.5380965471267
5, 3456, 3.788096487522125
5, 3520, 3.413096576929092
5, 3584, 3.5380965471267
5, 3648, 3.413096576929092
5, 3712, 3.16309663653373
5, 3776, 3.413096576929092
5, 3840, 3.413096576929092
5, 3904, 3.5380965471267
5, 3968, 3.663096517324447
5, 4032, 3.788096487522125
5, 4096, 3.5380965471267
5, 4160, 3.413096576929092
5, 4224, 3.5380965471267
5, 4288, 3.038096666336059
5, 4352, 3.28809660673141
5, 4416, 3.5380965471267
5, 4480, 3.413096576929092
5, 4544, 3.5380965471267
5, 4608, 3.413096576929092
5, 4672, 3.663096517324447
5, 4736, 3.91309645771980
5, 4800, 3.413096576929092
5, 4864, 3.413096576929092
5, 4928, 3.16309663653373
5, 4992, 3.28809660673141
5, 5056, 3.788096487522125
5, 5120, 3.413096576929092
5, 5184, 3.663096517324447
5, 5248, 3.413096576929092
5, 5312, 3.16309663653373
5, 5376, 3.413096576929092
6, 64, 3.413096576929092
6, 128, 3.5380965471267
6, 192, 3.413096576929092
6, 256, 3.413096576929092
6, 320, 3.413096576929092
6, 384, 3.16309663653373
6, 448, 3.663096517324447
6, 512, 3.413096576929092
6, 576, 3.28809660673141
6, 640, 3.5380965471267
6, 704, 3.413096576929092
6, 768, 3.5380965471267
6, 832, 3.5380965471267
6, 896, 3.16309663653373
6, 960, 3.28809660673141
6, 1024, 3.28809660673141
6, 1088, 3.413096576929092
6, 1152, 3.663096517324447
6, 1216, 3.5380965471267
6, 1280, 3.413096576929092
6, 1344, 3.413096576929092
6, 1408, 3.413096576929092
6, 1472, 3.413096576929092
6, 1536, 3.413096576929092
6, 1600, 3.663096517324447
6, 1664, 3.5380965471267
6, 1728, 3.413096576929092
6, 1792, 3.5380965471267
6, 1856, 3.413096576929092
6, 1920, 3.413096576929092
6, 1984, 3.413096576929092
6, 2048, 3.5380965471267
6, 2112, 3.413096576929092
6, 2176, 3.28809660673141
6, 2240, 3.663096517324447
6, 2304, 3.663096517324447
6, 2368, 3.5380965471267
6, 2432, 3.16309663653373
6, 2496, 3.16309663653373
6, 2560, 3.28809660673141
6, 2624, 3.663096517324447
6, 2688, 3.413096576929092
6, 2752, 3.5380965471267
6, 2816, 3.28809660673141
6, 2880, 3.5380965471267
6, 2944, 3.5380965471267
6, 3008, 3.5380965471267
6, 3072, 3.5380965471267
6, 3136, 3.413096576929092
6, 3200, 3.28809660673141
6, 3264, 3.663096517324447
6, 3328, 3.663096517324447
6, 3392, 3.28809660673141
6, 3456, 3.663096517324447
6, 3520, 3.413096576929092
6, 3584, 3.038096666336059
6, 3648, 3.413096576929092
6, 3712, 3.91309645771980
6, 3776, 3.16309663653373
6, 3840, 3.663096517324447
6, 3904, 3.5380965471267
6, 3968, 3.413096576929092
6, 4032, 3.413096576929092
6, 4096, 3.5380965471267
6, 4160, 3.28809660673141
6, 4224, 3.663096517324447
6, 4288, 3.413096576929092
6, 4352, 3.28809660673141
6, 4416, 3.5380965471267
6, 4480, 3.16309663653373
6, 4544, 3.413096576929092
6, 4608, 3.038096666336059
6, 4672, 3.28809660673141
6, 4736, 3.788096487522125
6, 4800, 3.28809660673141
6, 4864, 3.5380965471267
6, 4928, 3.663096517324447
6, 4992, 3.16309663653373
6, 5056, 3.5380965471267
6, 5120, 3.413096576929092
6, 5184, 3.5380965471267
6, 5248, 3.28809660673141
6, 5312, 3.28809660673141
6, 5376, 3.788096487522125
7, 64, 3.28809660673141
7, 128, 3.28809660673141
7, 192, 3.413096576929092
7, 256, 3.16309663653373
7, 320, 3.5380965471267
7, 384, 3.28809660673141
7, 448, 3.5380965471267
7, 512, 3.663096517324447
7, 576, 3.28809660673141
7, 640, 3.28809660673141
7, 704, 3.663096517324447
7, 768, 3.413096576929092
7, 832, 3.16309663653373
7, 896, 3.5380965471267
7, 960, 3.413096576929092
7, 1024, 3.413096576929092
7, 1088, 3.5380965471267
7, 1152, 3.413096576929092
7, 1216, 3.5380965471267
7, 1280, 3.28809660673141
7, 1344, 3.413096576929092
7, 1408, 3.5380965471267
7, 1472, 3.28809660673141
7, 1536, 3.663096517324447
7, 1600, 3.788096487522125
7, 1664, 3.28809660673141
7, 1728, 3.663096517324447
7, 1792, 3.28809660673141
7, 1856, 3.5380965471267
7, 1920, 3.5380965471267
7, 1984, 3.5380965471267
7, 2048, 3.5380965471267
7, 2112, 3.16309663653373
7, 2176, 3.5380965471267
7, 2240, 3.5380965471267
7, 2304, 3.28809660673141
7, 2368, 3.413096576929092
7, 2432, 3.663096517324447
7, 2496, 3.28809660673141
7, 2560, 3.413096576929092
7, 2624, 3.413096576929092
7, 2688, 3.413096576929092
7, 2752, 3.413096576929092
7, 2816, 3.663096517324447
7, 2880, 3.413096576929092
7, 2944, 3.5380965471267
7, 3008, 3.28809660673141
7, 3072, 3.413096576929092
7, 3136, 3.413096576929092
7, 3200, 3.413096576929092
7, 3264, 3.663096517324447
7, 3328, 3.28809660673141
7, 3392, 3.413096576929092
7, 3456, 3.413096576929092
7, 3520, 3.413096576929092
7, 3584, 3.413096576929092
7, 3648, 3.28809660673141
7, 3712, 3.28809660673141
7, 3776, 3.413096576929092
7, 3840, 3.038096666336059
7, 3904, 3.413096576929092
7, 3968, 3.28809660673141
7, 4032, 3.413096576929092
7, 4096, 3.788096487522125
7, 4160, 3.038096666336059
7, 4224, 3.413096576929092
7, 4288, 3.28809660673141
7, 4352, 3.5380965471267
7, 4416, 3.413096576929092
7, 4480, 3.413096576929092
7, 4544, 3.413096576929092
7, 4608, 3.5380965471267
7, 4672, 3.5380965471267
7, 4736, 3.16309663653373
7, 4800, 3.28809660673141
7, 4864, 3.5380965471267
7, 4928, 3.5380965471267
7, 4992, 3.28809660673141
7, 5056, 3.413096576929092
7, 5120, 3.16309663653373
7, 5184, 3.038096666336059
7, 5248, 3.28809660673141
7, 5312, 3.788096487522125
7, 5376, 3.663096517324447
8, 64, 3.28809660673141
8, 128, 3.413096576929092
8, 192, 3.91309645771980
8, 256, 3.413096576929092
8, 320, 3.28809660673141
8, 384, 3.28809660673141
8, 448, 3.413096576929092
8, 512, 3.413096576929092
8, 576, 3.413096576929092
8, 640, 3.5380965471267
8, 704, 3.16309663653373
8, 768, 3.663096517324447
8, 832, 3.16309663653373
8, 896, 3.413096576929092
8, 960, 3.413096576929092
8, 1024, 3.413096576929092
8, 1088, 3.28809660673141
8, 1152, 3.28809660673141
8, 1216, 3.16309663653373
8, 1280, 3.16309663653373
8, 1344, 3.5380965471267
8, 1408, 3.413096576929092
8, 1472, 3.663096517324447
8, 1536, 3.28809660673141
8, 1600, 3.5380965471267
8, 1664, 3.16309663653373
8, 1728, 3.413096576929092
8, 1792, 3.663096517324447
8, 1856, 3.663096517324447
8, 1920, 3.16309663653373
8, 1984, 3.5380965471267
8, 2048, 3.5380965471267
8, 2112, 3.28809660673141
8, 2176, 3.413096576929092
8, 2240, 3.5380965471267
8, 2304, 3.28809660673141
8, 2368, 3.28809660673141
8, 2432, 3.413096576929092
8, 2496, 3.16309663653373
8, 2560, 3.5380965471267
8, 2624, 3.28809660673141
8, 2688, 3.788096487522125
8, 2752, 3.663096517324447
8, 2816, 3.28809660673141
8, 2880, 3.413096576929092
8, 2944, 3.28809660673141
8, 3008, 3.413096576929092
8, 3072, 3.413096576929092
8, 3136, 3.16309663653373
8, 3200, 3.413096576929092
8, 3264, 3.413096576929092
8, 3328, 3.5380965471267
8, 3392, 3.5380965471267
8, 3456, 3.28809660673141
8, 3520, 3.413096576929092
8, 3584, 3.28809660673141
8, 3648, 3.663096517324447
8, 3712, 3.413096576929092
8, 3776, 3.28809660673141
8, 3840, 3.5380965471267
8, 3904, 3.16309663653373
8, 3968, 3.413096576929092
8, 4032, 3.28809660673141
8, 4096, 3.413096576929092
8, 4160, 3.413096576929092
8, 4224, 3.788096487522125
8, 4288, 3.413096576929092
8, 4352, 3.28809660673141
8, 4416, 3.413096576929092
8, 4480, 3.28809660673141
8, 4544, 3.5380965471267
8, 4608, 3.16309663653373
8, 4672, 3.16309663653373
8, 4736, 3.5380965471267
8, 4800, 3.28809660673141
8, 4864, 3.788096487522125
8, 4928, 3.5380965471267
8, 4992, 3.413096576929092
8, 5056, 3.413096576929092
8, 5120, 3.28809660673141
8, 5184, 3.28809660673141
8, 5248, 3.28809660673141
8, 5312, 3.28809660673141
8, 5376, 3.413096576929092
9, 64, 3.413096576929092
9, 128, 3.16309663653373
9, 192, 3.28809660673141
9, 256, 3.413096576929092
9, 320, 3.413096576929092
9, 384, 3.413096576929092
9, 448, 3.5380965471267
9, 512, 3.28809660673141
9, 576, 3.5380965471267
9, 640, 3.413096576929092
9, 704, 3.16309663653373
9, 768, 3.5380965471267
9, 832, 3.28809660673141
9, 896, 3.038096666336059
9, 960, 3.28809660673141
9, 1024, 3.413096576929092
9, 1088, 3.413096576929092
9, 1152, 3.5380965471267
9, 1216, 3.413096576929092
9, 1280, 3.28809660673141
9, 1344, 3.16309663653373
9, 1408, 3.5380965471267
9, 1472, 3.28809660673141
9, 1536, 3.663096517324447
9, 1600, 3.413096576929092
9, 1664, 3.5380965471267
9, 1728, 3.28809660673141
9, 1792, 3.413096576929092
9, 1856, 3.28809660673141
9, 1920, 3.5380965471267
9, 1984, 3.413096576929092
9, 2048, 3.413096576929092
9, 2112, 3.788096487522125
9, 2176, 3.16309663653373
9, 2240, 3.5380965471267
9, 2304, 3.413096576929092
9, 2368, 3.28809660673141
9, 2432, 3.28809660673141
9, 2496, 3.28809660673141
9, 2560, 3.413096576929092
9, 2624, 3.28809660673141
9, 2688, 3.28809660673141
9, 2752, 3.16309663653373
9, 2816, 3.5380965471267
9, 2880, 3.28809660673141
9, 2944, 3.5380965471267
9, 3008, 3.16309663653373
9, 3072, 3.413096576929092
9, 3136, 3.5380965471267
9, 3200, 3.413096576929092
9, 3264, 3.413096576929092
9, 3328, 3.413096576929092
9, 3392, 3.413096576929092
9, 3456, 3.413096576929092
9, 3520, 3.28809660673141
9, 3584, 3.28809660673141
9, 3648, 3.413096576929092
9, 3712, 3.16309663653373
9, 3776, 3.413096576929092
9, 3840, 3.28809660673141
9, 3904, 3.16309663653373
9, 3968, 3.28809660673141
9, 4032, 3.28809660673141
9, 4096, 3.413096576929092
9, 4160, 3.5380965471267
9, 4224, 3.28809660673141
9, 4288, 3.413096576929092
9, 4352, 3.413096576929092
9, 4416, 3.28809660673141
9, 4480, 3.16309663653373
9, 4544, 3.413096576929092
9, 4608, 3.413096576929092
9, 4672, 3.28809660673141
9, 4736, 3.788096487522125
9, 4800, 3.5380965471267
9, 4864, 3.28809660673141
9, 4928, 3.038096666336059
9, 4992, 3.28809660673141
9, 5056, 3.28809660673141
9, 5120, 3.28809660673141
9, 5184, 3.16309663653373
9, 5248, 3.28809660673141
9, 5312, 3.663096517324447
9, 5376, 3.28809660673141
0, 64, 3.997918546199798
0, 128, 3.978311866521835
0, 192, 3.926806181669235
0, 256, 4.0273536145687
0, 320, 3.89755827188491
0, 384, 3.76148790121078
0, 448, 3.988428741693496
0, 512, 4.02846929430961
0, 576, 3.904443889856338
0, 640, 3.761724084615707
0, 704, 3.75867000222206
0, 768, 3.761320501565933
0, 64, 4.00987690687179
0, 128, 4.00758963823318
0, 192, 4.00691527128219
0, 256, 4.007485151290893
0, 320, 4.00288090109825
0, 384, 3.99826771020889
0, 448, 4.0080500245094
0, 512, 3.989249825477
0, 576, 3.96107810735702
0, 640, 4.010334044694900
0, 704, 4.01624420285224
0, 768, 3.892797023057937
0, 832, 3.86983829736709
0, 896, 3.910724520683288
0, 960, 3.84579452872276
0, 1024, 3.871063262224197
0, 1088, 3.818049788475036
0, 1152, 3.915022492408752
0, 1216, 3.938385814428329
0, 1280, 4.01350122690200
0, 1344, 3.894700795412063
0, 1408, 3.904654681682586
0, 1472, 3.87887588143348
0, 1536, 3.945603549480438
0, 1600, 3.8959542810916
0, 1664, 3.909223169088363
0, 1728, 4.0128777921199
0, 1792, 3.87628427147865
0, 1856, 3.911631137132644
0, 1920, 3.870917350053787
0, 1984, 4.023429006338119
0, 2048, 3.894224345684051
0, 2112, 4.03577476739883
0, 2176, 3.83710038661956
0, 2240, 3.865455895662307
0, 2304, 3.788126498460769
0, 2368, 4.02557563781738
0, 2432, 3.855673581361770
0, 2496, 3.906782746315002
0, 2560, 3.643036752939224
0, 2624, 4.03516340255737
0, 2688, 3.907108485698
0, 2752, 3.789413541555404
0, 2816, 3.9892206192016
0, 2880, 3.77018964290618
0, 2944, 3.97764423489570
0, 3008, 3.909798979759216
0, 3072, 4.03251928091049
0, 3136, 3.63499522209167
0, 3200, 4.0093185305595
0, 3264, 3.91330116987228
0, 3328, 3.83728104829788
0, 3392, 3.7340452373027
0, 3456, 3.774488031864166
0, 3520, 4.01443484425544
0, 3584, 3.786627113819122
0, 3648, 3.898904681205749
0, 3712, 3.98220542073249
0, 3776, 4.035535871982574
0, 3840, 3.8983446359634
0, 3904, 3.64816692471504
0, 3968, 3.50217798352241
0, 4032, 3.921661317348480
0, 4096, 3.634402662515640
0, 4160, 3.78432390093803
0, 4224, 3.739644885063171
0, 4288, 3.776251465082168
0, 4352, 3.994206458330154
0, 4416, 3.962697893381118
0, 4480, 3.72395303845405
0, 4544, 3.8906044065952
0, 4608, 4.015145063400268
0, 4672, 4.0358768105506
0, 4736, 3.857700884342193
0, 4800, 3.67278152704238
0, 4864, 3.62463539838790
0, 4928, 3.901168763637542
0, 4992, 4.03062707185745
0, 5056, 3.726464897394180
0, 5120, 4.01745256781578
0, 5184, 3.89951631426811
0, 5248, 4.02928155660629
0, 5312, 3.736802160739898
0, 5376, 3.76277640461921
0, 5440, 3.898162335157394
0, 5504, 3.75680142641067
0, 5568, 3.80804541707038
0, 5632, 3.919737339019775
0, 5696, 3.992329359054565
0, 5760, 3.860725939273834
0, 5824, 3.87178203463554
0, 5888, 3.87998268008232
0, 5952, 3.71268945932388
0, 6016, 3.790092289447784
0, 6080, 3.6773323416709
0, 6144, 3.610891401767730
0, 6208, 3.87577608227729
0, 6272, 3.903298765420913
0, 6336, 3.650744348764419
0, 6400, 4.02867662906646
0, 6464, 4.00591707229614
0, 6528, 3.666264891624450
0, 6592, 3.640587896108627
0, 6656, 3.88553762435913
0, 6720, 3.91202542185783
0, 6784, 3.755838513374328
0, 6848, 3.78148159384727
0, 6912, 3.798301666975021
0, 6976, 3.83944800496101
0, 7040, 3.915144026279449
0, 7104, 3.768907576799392
0, 7168, 4.03811204433441
0, 7232, 3.87493866682052
0, 7296, 3.892449498176574
0, 7360, 3.898438096046447
0, 7424, 4.033662468194961
0, 7488, 4.03756344318389
0, 7552, 3.9051659703254
0, 7616, 3.89880764484405
0, 7680, 3.563566684722900
0, 7744, 3.77628484368324
0, 7808, 3.90433761477470
0, 7872, 3.76227089762687
0, 7936, 3.884110182523727
0, 8000, 3.940808236598968
0, 8064, 3.78427284955978
0, 8128, 3.628449916839599
0, 8192, 4.00258037447929
0, 8256, 4.01819622516632
0, 8320, 3.90243506431579
0, 8384, 3.781422019004821
0, 8448, 4.00656175613403
0, 8512, 3.777536511421203
0, 8576, 3.88469499349594
0, 8640, 3.764224231243133
0, 8704, 3.739650517702102
0, 8768, 3.893029451370239
0, 8832, 3.356564432382583
0, 8896, 3.697867870330810
0, 8960, 3.882864803075790
0, 9024, 3.900886893272
0, 9088, 3.748928368091583
0, 9152, 4.03079503774642
0, 9216, 4.00348433852195
0, 9280, 3.89478716254234
0, 9344, 3.773614883422851
0, 9408, 3.804197937250137
0, 9472, 3.897261351346969
0, 9536, 3.891075491905212
0, 9600, 4.03194916248321
0, 9664, 3.890958964824676
0, 9728, 3.629469811916351
0, 9792, 4.03739279508590
0, 9856, 4.04016727209091
0, 9920, 3.636983931064605
0, 9984, 3.63320168852806
0, 10048, 3.88155320286750
0, 10112, 3.510248482227325
0, 10176, 4.04142719507217
0, 10240, 4.03660994768142
0, 10304, 4.04203867912292
0, 10368, 3.604730665683746
0, 10432, 3.53162243962287
0, 10496, 3.89764910936355
0, 10560, 4.021296620368957
0, 10624, 3.76001954078674
0, 10688, 3.963880598545074
0, 10752, 3.879057645797729
0, 10816, 3.82166266441345
0, 10880, 3.908120512962341
0, 10944, 3.649402886629104
0, 11008, 4.03899192810058
0, 11072, 4.00353074073791
0, 11136, 3.91215789318084
0, 11200, 4.01325672864913
0, 11264, 3.88351786136627
0, 11328, 4.03130334615707
0, 11392, 4.01748183369636
0, 11456, 3.743840336799621
0, 11520, 4.03785747289657
0, 11584, 3.90699657797813
0, 11648, 3.77046945691108
0, 11712, 3.77209955453872
0, 11776, 4.04246425628662
0, 11840, 3.74056193232536
0, 11904, 3.536117881536483
0, 11968, 3.899210065603256
0, 12032, 4.03354495763778
0, 12096, 4.03336012363433
0, 12160, 3.937510639429092
0, 12224, 3.90324151515960
0, 12288, 3.77929604053497
0, 12352, 3.61845070123672
0, 12416, 4.03088223934173
0, 12480, 3.881931275129318
0, 12544, 3.92925733327865
0, 12608, 4.02257955074310
0, 12672, 3.92923021316528
0, 12736, 3.765501976013183
0, 12800, 3.770169854164123
0, 12864, 3.91335821151733
0, 12928, 3.79802912473678
0, 12992, 4.01194626092910
0, 13056, 4.01477068662643
0, 13120, 3.80978539586067
0, 13184, 3.887299716472625
0, 13248, 3.602850586175918
0, 13312, 3.733026713132858
0, 13376, 3.89988696575164
0, 13440, 3.9511732459068
0, 13504, 3.985681384801864
0, 13568, 3.68224060535430
0, 13632, 3.800689965486526
0, 13696, 3.66126456856727
0, 13760, 3.89466685056686
0, 13824, 3.94490438699722
0, 13888, 3.94778066873550
0, 13952, 3.67796298861503
0, 14016, 3.9026044905185
0, 14080, 4.0145675539970
0, 14144, 4.03819733858108
0, 14208, 4.03665363788604
0, 14272, 3.420328170061111
0, 14336, 3.7312462329864
0, 14400, 4.01320981979370
0, 14464, 3.531830877065658
0, 14528, 3.636582970619201
0, 14592, 3.946540683507919
0, 14656, 4.02040916681289
0, 14720, 3.81442120671272
0, 14784, 3.90766057372093
0, 14848, 3.898800909519195
0, 14912, 3.62794038653373
0, 14976, 3.913228780031204
0, 15040, 3.896901905536651
0, 15104, 3.944654315710067
0, 15168, 4.02765586972236
0, 15232, 3.95986023545265
0, 15296, 3.75341242551803
0, 15360, 3.75828933715820
0, 15424, 3.9108674526214
0, 15488, 4.0313971638679
0, 15552, 3.66212651133537
0, 15616, 3.87103417515754
0, 15680, 3.89927330613136
0, 15744, 3.73203122615814
0, 15808, 3.914225965738296
0, 15872, 3.96345332264900
0, 15936, 3.92506498098373
0, 16000, 3.515763163566589
0, 16064, 3.896471172571182
0, 16128, 3.916713088750839
0, 16192, 3.900139540433883
0, 16256, 3.883233159780502
0, 16320, 3.975779294967651
0, 16384, 3.872950881719589
0, 16448, 3.71959236264228
0, 16512, 3.86700031161308
0, 16576, 3.627818793058395
0, 16640, 3.7274952530860
0, 16704, 3.873572379350662
0, 16768, 3.8744632899761
0, 16832, 3.85681945085525
0, 16896, 3.96770724654197
0, 16960, 3.658374518156051
0, 17024, 3.781399399042129
0, 17088, 3.710509449243545
0, 17152, 3.722225219011306
0, 17216, 4.04173725843429
0, 17280, 3.90241724252700
0, 17344, 3.988046824932098
0, 17408, 3.76135522127151
0, 17472, 3.79381039738655
0, 17536, 3.900342613458633
0, 17600, 3.92484879493713
0, 17664, 3.855050086975097
0, 17728, 3.852531194686889
0, 17792, 3.755633026361465
1, 64, 3.628902822732925
1, 128, 4.02918195724487
1, 192, 3.76665538549423
1, 256, 3.77227953076362
1, 320, 3.89418801665306
1, 384, 4.01118421554565
1, 448, 3.894096195697784
1, 512, 4.03618395328521
1, 576, 3.837980151176452
1, 640, 3.965414762496948
1, 704, 3.825237244367599
1, 768, 3.72815501689910
1, 832, 3.880533158779144
1, 896, 3.901809692382812
1, 960, 3.844480603933334
1, 1024, 3.985538005828857
1, 1088, 3.873992323875427
1, 1152, 3.578658610582351
1, 1216, 3.908193379640579
1, 1280, 3.87541747093200
1, 1344, 3.93949225544929
1, 1408, 3.978768885135650
0, 64, 4.00624167919158
0, 128, 4.00657743215560
0, 192, 4.00289481878280
0, 256, 4.0002394020557
0, 320, 4.00451004505157
0, 384, 4.0050460696220
0, 448, 3.879966467618942
0, 512, 4.0037092864513
0, 576, 4.01295697689056
0, 640, 4.00347492098808
0, 704, 3.865749835968017
0, 768, 4.00670745968818
0, 832, 4.00922602415084
0, 896, 4.00599306821823
0, 960, 3.808979362249374
0, 1024, 4.00011724233627
0, 1088, 4.00797390937805
0, 1152, 3.876439571380615
0, 1216, 4.00788250565528
0, 1280, 4.0076533555984
0, 1344, 3.89663472771644
0, 1408, 3.68850946426391
0, 1472, 3.882676929235458
0, 1536, 3.618350684642791
0, 1600, 4.0298993587493
0, 1664, 3.76287287473678
0, 1728, 3.904711306095123
0, 1792, 3.894925177097320
0, 1856, 3.59911808371543
0, 1920, 3.882175445556640
0, 1984, 3.891719967126846
0, 2048, 4.03903681039810
1, 64, 3.88619679212570
1, 128, 3.906371265649795
1, 192, 3.614944547414779
1, 256, 3.90458399057388
1, 320, 3.758379310369491
1, 384, 3.900279760360717
1, 448, 3.75580388307571
1, 512, 4.02618572115898
1, 576, 3.626489341259002
1, 640, 3.89530333876609
1, 704, 3.904878139495849
1, 768, 3.76159000396728
1, 832, 3.92839685082435
1, 896, 3.76138737797737
1, 960, 3.903194278478622
1, 1024, 3.62250524759292
1, 1088, 3.76473522186279
1, 1152, 3.90027177333831
1, 1216, 3.758128106594085
1, 1280, 3.88940182328224
1, 1344, 3.76093888282775
1, 1408, 4.0382690429687
1, 1472, 3.900150924921035
1, 1536, 3.758729219436645
1, 1600, 3.48815771937370
1, 1664, 3.769347101449966
1, 1728, 3.479399442672729
1, 1792, 3.904740691184997
1, 1856, 4.04367685317993
1, 1920, 3.761218070983886
1, 1984, 4.03231734037399
1, 2048, 3.92262285947799
2, 64, 3.761384487152099
0, 64, 4.0087250322103
0, 128, 4.00600272417068
0, 192, 4.00478209555149
0, 256, 4.00500255823135
0, 320, 4.00493600964546
0, 384, 4.004935503005981
0, 448, 4.00458101928234
0, 512, 4.00671201944351
0, 576, 4.0019872039556
0, 640, 4.00387053191661
0, 704, 4.00617599487304
0, 768, 4.00591588020324
0, 832, 4.00404655933380
0, 896, 4.007287740707397
0, 960, 4.00382202863693
0, 1024, 4.00454424321651
1, 64, 4.00612683594226
1, 128, 4.00597901642322
1, 192, 4.004033312201
1, 256, 4.00149559974670
1, 320, 4.00431811809539
1, 384, 4.0046503990888
1, 448, 4.00135719776153
1, 512, 4.00315670669078
1, 576, 3.996634721755981
1, 640, 4.00427441298961
1, 704, 4.00187125802040
1, 768, 4.00343935191631
1, 832, 3.995202258229255
1, 896, 4.002686813473701
1, 960, 4.00078833103179
1, 1024, 3.99808092415332
2, 64, 3.99397459626197
2, 128, 3.996634110808372
2, 192, 3.99104158580303
2, 256, 3.992574870586395
2, 320, 3.98914542794227
2, 384, 3.96392914652824
2, 448, 3.968522593379020
2, 512, 4.00587400794029
2, 576, 4.00419142842292
2, 640, 4.00412504374980
2, 704, 4.00978174805641
2, 768, 4.00371663272380
2, 832, 3.965749874711036
2, 896, 4.005055963993072
2, 960, 4.00005359947681
2, 1024, 3.96892371773719
3, 64, 4.00492778420448
3, 128, 3.909256681799888
3, 192, 4.00736764073371
3, 256, 3.93808521330356
3, 320, 3.952267542481422
3, 384, 3.890071034431457
3, 448, 3.94385848939418
3, 512, 4.00308440625667
3, 576, 4.00104118883609
3, 640, 3.899657785892486
3, 704, 3.95300285518169
3, 768, 4.00576402246952
3, 832, 4.00196541845798
3, 896, 3.94664457440376
3, 960, 4.00578434765338
3, 1024, 3.930889636278152
4, 64, 3.937179177999496
4, 128, 4.00366619229316
4, 192, 3.90905147790908
4, 256, 3.85728035867214
4, 320, 3.93423338234424
4, 384, 3.99912989139556
4, 448, 3.876731336116790
4, 512, 4.0030513852834
4, 576, 3.889012515544891
4, 640, 3.894160374999046
4, 704, 3.894637212157249
4, 768, 3.981180682778358
4, 832, 3.876996129751205
4, 896, 3.94417996704578
4, 960, 3.87886066734790
4, 1024, 3.945183709263801
5, 64, 3.977548539638519
5, 128, 3.865766525268554
5, 192, 3.94212505221366
5, 256, 3.90802630782127
5, 320, 3.944741636514663
5, 384, 3.9179431647062
5, 448, 3.97509111464023
5, 512, 3.822085633873939
5, 576, 3.97221232950687
5, 640, 3.876738458871841
5, 704, 3.780416697263717
5, 768, 3.88400392234325
5, 832, 3.943105414509773
5, 896, 3.766132444143295
5, 960, 3.820715397596359
5, 1024, 3.89033411443233
6, 64, 3.83643937110900
6, 128, 3.911098167300224
6, 192, 3.929974943399429
6, 256, 3.898711591958999
6, 320, 3.761796176433563
6, 384, 3.84226824343204
6, 448, 3.926342606544494
6, 512, 3.85862243175506
6, 576, 3.95165771245956
6, 640, 3.945944890379905
6, 704, 3.87666948139667
6, 768, 4.01182845234870
6, 832, 3.82211673259735
6, 896, 4.00171506404876
6, 960, 4.000713169574737
6, 1024, 3.877334818243980
7, 64, 3.823346152901649
7, 128, 3.853986427187919
7, 192, 3.857600077986717
7, 256, 3.925103589892387
7, 320, 3.941252693533897
7, 384, 3.948037385940551
7, 448, 3.861889764666557
7, 512, 3.812354609370231
7, 576, 3.846393764019012
7, 640, 3.87241262197494
7, 704, 3.897456064820289
7, 768, 3.869844570755958
7, 832, 3.853007003664970
7, 896, 3.86193655431270
7, 960, 3.7979066073894
7, 1024, 3.896474897861480
8, 64, 3.89762583374977
8, 128, 3.685108140110969
8, 192, 3.879994764924049
8, 256, 3.884732156991958
8, 320, 3.876968473196029
8, 384, 3.653047695755958
8, 448, 3.8835160881280
8, 512, 3.86906774342060
8, 576, 3.654271528124809
8, 640, 3.837345495820045
8, 704, 3.7995111197233
8, 768, 3.81049454212188
8, 832, 3.82568913698196
8, 896, 3.706343531608581
8, 960, 3.904946789145469
8, 1024, 3.751297935843467
9, 64, 3.818269774317741
9, 128, 3.91629381477832
9, 192, 3.875980302691459
9, 256, 3.875094875693321
9, 320, 3.692569568753242
0, 64, 3.98757679760456
0, 128, 3.990191891789436
0, 192, 3.990424573421478
0, 256, 3.98729552328586
0, 320, 3.99120400846004
0, 384, 3.98744866251945
0, 448, 3.988826751708984
0, 512, 3.990280240774154
0, 576, 3.985973253846168
0, 640, 3.988617226481437
0, 704, 3.988069280982017
0, 768, 3.983939707279205
0, 832, 3.98646272718906
0, 896, 3.98523364961147
0, 960, 3.98679149150848
0, 1024, 3.98582583665847
0, 64, 3.987410485744476
0, 128, 3.98764812946319
0, 192, 3.988483592867851
0, 256, 3.9869062751531
0, 320, 3.99087554216384
0, 384, 3.98812012374401
0, 448, 3.98652777075767
0, 512, 3.98791173100471
0, 576, 3.984767392277717
0, 640, 3.98574937880039
0, 704, 3.987774625420570
0, 768, 3.98481500148773
0, 832, 3.985657706856727
0, 896, 3.990262612700462
0, 960, 3.988155841827392
0, 1024, 3.98738248646259
1, 64, 3.980631425976753
1, 128, 3.97835850715637
1, 192, 3.97567348182201
1, 256, 3.98165664076805
1, 320, 3.984599903225898
1, 384, 3.98131439089775
1, 448, 3.98183956742286
1, 512, 3.97393769025802
1, 576, 3.972970530390739
1, 640, 3.96400570869445
1, 704, 3.964830502867698
1, 768, 3.955190241336822
1, 832, 3.989966884255409
1, 896, 3.97668834030628
1, 960, 3.946589455008506
1, 1024, 3.93603685498237
0, 64, 3.989127412438392
0, 128, 3.98742352426052
0, 192, 3.989609614014625
0, 256, 3.98457762598991
0, 320, 3.987137511372566
0, 384, 3.98575919866561
0, 448, 3.988021075725555
0, 512, 3.978981330990791
0, 576, 3.994123741984367
0, 640, 3.814125925302505
0, 704, 3.921058595180511
0, 768, 3.88738028705120
0, 832, 3.951953679323196
0, 896, 3.821994319558143
0, 960, 3.897938281297683
0, 1024, 3.939170375466346
1, 64, 3.799586117267608
1, 128, 3.88851614296436
1, 192, 3.951285764575004
1, 256, 3.961483106017112
1, 320, 3.707680627703666
1, 384, 3.8796957135200
1, 448, 3.740072444081306
1, 512, 3.87887671589851
1, 576, 3.87341299653053
1, 640, 3.681167989969253
1, 704, 3.771949797868728
1, 768, 3.810966953635215
1, 832, 3.61472918093204
1, 896, 3.7418737113475
1, 960, 3.874814853072166
1, 1024, 3.944721847772598
2, 64, 3.74399258196353
2, 128, 3.6218179315328
2, 192, 3.870937585830688
2, 256, 3.815338164567947
2, 320, 3.806028455495834
2, 384, 3.61032758653163
2, 448, 3.74595622718334
2, 512, 3.87934516370296
2, 576, 3.95370236039161
2, 640, 3.948240071535110
2, 704, 3.88422113656997
2, 768, 3.81146247684955
2, 832, 3.88018800318241
2, 896, 3.67827130854129
2, 960, 3.692762672901153
2, 1024, 3.66956941783428
3, 64, 3.815455228090286
3, 128, 3.829004958271980
3, 192, 3.67632472515106
3, 256, 3.955098748207092
3, 320, 3.605878293514251
3, 384, 3.601749643683433
3, 448, 3.75656613707542
3, 512, 3.74362219870090
3, 576, 3.845180973410606
3, 640, 3.741409286856651
3, 704, 3.954219594597816
3, 768, 3.81793336570262
3, 832, 3.746246442198753
3, 896, 3.53991782665252
3, 960, 3.74824896454811
3, 1024, 3.675879597663879
4, 64, 3.743917599320411
4, 128, 3.815373390913009
4, 192, 3.676491498947143
4, 256, 3.605449512600898
4, 320, 3.535693600773811
4, 384, 3.746046736836433
4, 448, 3.743625178933143
4, 512, 3.808075919747352
4, 576, 3.887123972177505
4, 640, 3.676444068551063
4, 704, 3.74594092369079
4, 768, 3.815376535058021
4, 832, 3.950135156512260
4, 896, 3.813245385885238
4, 960, 3.813112080097198
4, 1024, 3.74593071639537
5, 64, 3.86439827084541
5, 128, 3.810765013098716
5, 192, 3.396421447396278
5, 256, 3.676499724388122
5, 320, 3.745939984917640
5, 384, 3.884821310639381
5, 448, 3.88250438868999
5, 512, 3.468156427145004
5, 576, 3.878990769386291
5, 640, 3.81306153535842
5, 704, 4.02368685603141
5, 768, 3.88246265053749
5, 832, 3.923267081379890
5, 896, 3.67635916173458
5, 960, 3.73858352005481
5, 1024, 3.881458535790443
6, 64, 3.5441788434982
6, 128, 3.81305962800979
6, 192, 3.74173380434513
6, 256, 3.80421134829521
6, 320, 3.60445883870124
6, 384, 3.884722769260406
6, 448, 3.816579461097717
6, 512, 3.80983375012874
6, 576, 3.743617251515388
6, 640, 3.808431267738342
6, 704, 3.95426446199417
6, 768, 3.60473439097404
6, 832, 3.74593292176723
6, 896, 3.743629470467567
6, 960, 3.789515763521194
6, 1024, 3.813061639666557
7, 64, 3.74361667037010
7, 128, 3.81769230961799
7, 192, 3.949635028839111
7, 256, 3.748222008347511
7, 320, 3.748247250914573
7, 384, 3.53991405665874
7, 448, 3.74361729621887
7, 512, 3.745930358767509
7, 576, 3.745933607220649
7, 640, 3.743459910154342
7, 704, 3.537350535392761
7, 768, 3.675410300493240
7, 832, 3.810322672128677
7, 896, 3.73923058807849
7, 960, 3.877876758575439
7, 1024, 3.884658336639404
8, 64, 3.880190506577491
8, 128, 3.88250441849231
8, 192, 3.882445484399795
8, 256, 3.674327045679092
8, 320, 3.674176082015037
8, 384, 3.607043862342834
8, 448, 3.60477305948734
8, 512, 3.887135565280914
8, 576, 3.74122783541679
8, 640, 3.67083716392517
8, 704, 3.75958196818828
8, 768, 3.73898723721504
8, 832, 3.676488712430000
8, 896, 3.891890928149223
8, 960, 3.949432179331779
8, 1024, 3.944967061281204
9, 64, 3.604372233152389
9, 128, 3.469008997082710
9, 192, 3.81538233160972
9, 256, 3.87909619510173
9, 320, 3.678802669048309
9, 384, 3.748248621821403
9, 448, 3.952932715415954
9, 512, 4.02369579672813
9, 576, 3.67016193270683
9, 640, 3.74830670654773
9, 704, 3.74824744462966
9, 768, 3.741302311420440
9, 832, 3.813059121370315
9, 896, 3.8153866231441
9, 960, 3.67623548209667
9, 1024, 3.95195050537586
0, 64, 3.936988182365894
0, 128, 3.88056871294975
0, 192, 3.84699767082929
0, 256, 3.8171837329864
0, 320, 3.88389211148023
0, 384, 3.884042255580425
0, 448, 3.91737525910139
0, 512, 3.781251281499862
1, 64, 3.814225427806377
1, 128, 3.743686549365520
1, 192, 3.944553844630718
